[HIGHLIGHTING]
zoom=11
PointLon_0=136.37074749
PointLat_0=35.56445509
PointLon_1=136.9290789
PointLat_1=35.56445509
PointLon_2=136.9290789
PointLat_2=35.08221072
PointLon_3=136.37074749
PointLat_3=35.08221072

